name: paraview
channels:
  - conda-forge
dependencies:
  - blosc=1.21.5=hdccc3a2_0
  - bzip2=1.0.8=h8ffe710_4
  - ca-certificates=2023.7.22=h56e8100_0
  - double-conversion=3.3.0=h63175ca_0
  - fmt=10.1.1=h181d51b_0
  - freetype=2.12.1=hdaf720e_2
  - gettext=0.21.1=h5728263_0
  - gl2ps=1.4.2=h0597ee9_0
  - glew=2.1.0=h39d44d4_2
  - glib=2.78.0=h12be248_0
  - glib-tools=2.78.0=h12be248_0
  - gst-plugins-base=1.22.6=h001b923_1
  - gstreamer=1.22.6=hb4038d2_1
  - hdf4=4.2.15=h1334946_6
  - hdf5=1.14.2=nompi_h73e8ff5_100
  - icu=73.2=h63175ca_0
  - intel-openmp=2023.2.0=h57928b3_50496
  - jsoncpp=1.9.5=h2d74725_1
  - krb5=1.21.2=heb0366b_0
  - lerc=4.0.0=h63175ca_0
  - libabseil=20230802.1=cxx17_h63175ca_0
  - libaec=1.0.6=h63175ca_1
  - libblas=3.9.0=18_win64_mkl
  - libcblas=3.9.0=18_win64_mkl
  - libclang=15.0.7=default_h77d9078_3
  - libclang13=15.0.7=default_h77d9078_3
  - libcurl=8.3.0=hd5e4a3a_0
  - libdeflate=1.19=hcfcfb64_0
  - libexpat=2.5.0=h63175ca_1
  - libffi=3.4.2=h8ffe710_5
  - libglib=2.78.0=he8f3873_0
  - libharu=2.4.4=hdaf720e_0
  - libhwloc=2.9.3=default_haede6df_1009
  - libiconv=1.17=h8ffe710_0
  - libjpeg-turbo=2.1.5.1=hcfcfb64_1
  - liblapack=3.9.0=18_win64_mkl
  - libnetcdf=4.9.2=nompi_h8284064_112
  - libogg=1.3.4=h8ffe710_1
  - libpng=1.6.39=h19919ed_0
  - libprotobuf=4.23.4=hb8276f3_6
  - libsqlite=3.43.0=hcfcfb64_0
  - libssh2=1.11.0=h7dfc565_0
  - libtheora=1.1.1=h8d14728_1005
  - libtiff=4.6.0=h4554b19_1
  - libvorbis=1.3.7=h0e60522_0
  - libxml2=2.11.5=hc3477c8_1
  - libzip=1.10.1=h1d365fa_3
  - libzlib=1.2.13=hcfcfb64_5
  - lz4-c=1.9.4=hcfcfb64_0
  - mkl=2022.1.0=h6a75c08_874
  - numpy=1.26.0=py39hddb5d58_0
  - openssl=3.1.3=hcfcfb64_0
  - paraview=5.11.2=py39h4ef32e4_102_qt
  - pcre2=10.40=h17e33f8_0
  - pip=23.2.1=pyhd8ed1ab_0
  - proj=9.3.0=he13c7e8_1
  - pthreads-win32=2.9.1=hfa6e2cd_3
  - pugixml=1.13=h63175ca_1
  - python=3.9.18=h4de0772_0_cpython
  - python_abi=3.9=4_cp39
  - qt-main=5.15.8=he5a7383_16
  - setuptools=68.2.2=pyhd8ed1ab_0
  - snappy=1.1.10=hfb803bf_0
  - sqlite=3.43.0=hcfcfb64_0
  - tbb=2021.10.0=h91493d7_1
  - tk=8.6.13=hcfcfb64_0
  - tzdata=2023c=h71feb2d_0
  - ucrt=10.0.22621.0=h57928b3_0
  - vc=14.3=h64f974e_17
  - vc14_runtime=14.36.32532=hdcecf7f_17
  - vs2015_runtime=14.36.32532=h05e6639_17
  - wheel=0.41.2=pyhd8ed1ab_0
  - xz=5.2.6=h8d14728_0
  - zlib=1.2.13=hcfcfb64_5
  - zstd=1.5.5=h12be248_0
  - pip:
      - certifi==2023.7.22
      - cftime==1.6.2
      - h5py==3.9.0
      - meshio==5.0.2
      - netcdf4==1.6.4
prefix: C:\Users\kalingibbons\AppData\Local\mambaforge\envs\paraview
