name: paraview
channels:
  - conda-forge
dependencies:
  - blosc=1.21.5
  - bzip2=1.0.8
  - ca-certificates=2023.7.22
  - double-conversion=3.3.0
  - fmt=10.1.1
  - freetype=2.12.1
  - gettext=0.21.1
  - gl2ps=1.4.2
  - glew=2.1.0
  - glib=2.78.0
  - glib-tools=2.78.0
  - gst-plugins-base=1.22.6
  - gstreamer=1.22.6
  - hdf4=4.2.15
  - hdf5=1.14.2
  - icu=73.2
  - intel-openmp=2023.2.0
  - jsoncpp=1.9.5
  - krb5=1.21.2
  - lerc=4.0.0
  - libabseil=20230802.1
  - libaec=1.0.6
  - libblas=3.9.0
  - libcblas=3.9.0
  - libclang=15.0.7
  - libclang13=15.0.7
  - libcurl=8.3.0
  - libdeflate=1.19
  - libexpat=2.5.0
  - libffi=3.4.2
  - libglib=2.78.0
  - libharu=2.4.4
  - libhwloc=2.9.3
  - libiconv=1.17
  - libjpeg-turbo=2.1.5.1
  - liblapack=3.9.0
  - libnetcdf=4.9.2
  - libogg=1.3.4
  - libpng=1.6.39
  - libprotobuf=4.23.4
  - libsqlite=3.43.0
  - libssh2=1.11.0
  - libtheora=1.1.1
  - libtiff=4.6.0
  - libvorbis=1.3.7
  - libxml2=2.11.5
  - libzip=1.10.1
  - libzlib=1.2.13
  - lz4-c=1.9.4
  - mkl=2022.1.0
  - numpy=1.26.0
  - openssl=3.1.3
  - paraview=5.11.2
  - pcre2=10.40
  - pip=23.2.1
  - proj=9.3.0
  - pthreads-win32=2.9.1
  - pugixml=1.13
  - python=3.9.18
  - python_abi=3.9
  - qt-main=5.15.8
  - setuptools=68.2.2
  - snappy=1.1.10
  - sqlite=3.43.0
  - tbb=2021.10.0
  - tk=8.6.13
  - tzdata=2023c
  - ucrt=10.0.22621.0
  - vc=14.3
  - vc14_runtime=14.36.32532
  - vs2015_runtime=14.36.32532
  - wheel=0.41.2
  - xz=5.2.6
  - zlib=1.2.13
  - zstd=1.5.5
  - pip:
      - certifi==2023.7.22
      - cftime==1.6.2
      - h5py==3.9.0
      - meshio==5.0.2
      - netcdf4==1.6.4
prefix: C:\Users\kalin\mambaforge\envs\paraview
